22.5709611667 113.861603833
22.5709603333 113.861604833
22.5709598333 113.861606
22.5709593333 113.861606667
22.5709593333 113.861607167
22.5709608333 113.861608
22.5709625 113.861609167
22.570962 113.8616095
22.5709625 113.861610167
22.5709636667 113.8616105
22.5709648333 113.861612333
22.570968 113.861612333
22.5709716667 113.861612167
22.5709716667 113.861613167
22.570975 113.861613333
22.5709761667 113.861614667
22.5709783333 113.861616
22.57098 113.8616185
22.5709801667 113.861624167
22.5709846667 113.861626167
22.5709866667 113.861630167
22.5709903333 113.8616335
22.570993 113.861636333
22.5709975 113.86164
22.5710035 113.861641667
22.5710071667 113.861643333
22.5710101667 113.861645
22.5710143333 113.861646667
22.5710175 113.861648333
22.571017 113.861649667
22.5710183333 113.861652
22.571022 113.861654833
22.5710246667 113.8616565
22.5710255 113.861658167
22.5710278333 113.861659167
22.5710276667 113.8616605
22.5710288333 113.861661
22.5710308333 113.861661333
22.5710371667 113.861660833
22.5710385 113.861661833
22.5710385 113.8616615
22.5710366667 113.861661
22.5710358333 113.861660167
22.5710343333 113.861660167
22.5710311667 113.8616615
22.5710325 113.861660333
22.5710336667 113.8616625
22.571036 113.861665167
22.57104 113.861667833
22.5710435 113.861674667
22.5710438333 113.861675333
22.5710433333 113.861678667
22.5710513333 113.8616825
22.5710531667 113.8616865
22.5710558333 113.861688167
22.5710645 113.861694
22.571077 113.861696667
22.571081 113.861698
22.5710845 113.861701
22.5710905 113.861703167
22.5710943333 113.861706
22.5710991667 113.861707333
22.5711031667 113.861709
22.5711083333 113.8617115
22.5711145 113.861714667
22.5711216667 113.861719833
22.5711248333 113.861721833
22.5711305 113.861724167
22.5711368333 113.8617265
22.5711388333 113.861728667
22.5711361667 113.861728
22.5711333333 113.861727667
22.5711276667 113.861724
22.5711283333 113.8617245
22.5711295 113.8617255
22.5711395 113.861734833
22.571138 113.861735167
22.5711376667 113.861735833
22.5711383333 113.861737333
22.5711365 113.861737
22.5711335 113.8617355
22.5711306667 113.861736167
22.5711321667 113.861737167
22.571134 113.861739167
22.5711373333 113.861741333
22.5711398333 113.861743167
22.5711451667 113.861745667
22.5711421667 113.861747667
22.5711443333 113.861749833
22.5711485 113.861752333
22.5711533333 113.861754167
22.5711571667 113.861757667
22.5711643333 113.861761833
22.5711661667 113.861764833
22.5711698333 113.8617665
22.5711663333 113.861767333
22.5711671667 113.861768667
22.571172 113.8617705
22.5711756667 113.861772167
22.5711743333 113.861772667
22.5711758333 113.861774
22.5711721667 113.861774833
22.5711806667 113.861776667
22.5711788333 113.861778667
22.5711751667 113.861777333
22.5711725 113.861778
22.571171 113.861778
22.5711656667 113.8617765
22.5711663333 113.861778667
22.5711691667 113.8617795
22.5711683333 113.861778667
22.5711646667 113.861778667
22.571158 113.861778333
22.5711615 113.8617805
22.5711636667 113.861782
22.5711683333 113.8617855
22.5711678333 113.861785833
22.5711693333 113.861787
22.5711695 113.861787333
22.5711725 113.861789167
22.5711733333 113.861790333
22.5711756667 113.861791
22.5711738333 113.861791333
22.5711733333 113.861792
22.5711718333 113.8617925
22.5711735 113.861794667
22.5711753333 113.861794667
22.5711743333 113.861795
22.5711721667 113.861795
22.5711698333 113.861795333
22.5711766667 113.861799833
22.571172 113.861799833
22.5711686667 113.8617995
22.5711691667 113.861799167
22.5711666667 113.8617995
22.5711638333 113.8618005
22.5711618333 113.8618
22.5711686667 113.8618035
22.571172 113.861805833
22.5711745 113.861808167
22.5711863333 113.8618115
22.5711926667 113.861815333
22.5712008333 113.861818833
22.5712103333 113.861821833
22.5712056667 113.861821
22.5712045 113.861822667
22.5712098333 113.8618245
22.571214 113.8618265
22.5712148333 113.861829
22.5712095 113.861827667
22.5712095 113.861827333
22.5712115 113.8618295
22.5712286667 113.8618395
22.5712268333 113.861839167
22.5712281667 113.861840333
22.5712278333 113.861841167
22.5712298333 113.861841333
22.5712258333 113.861841167
22.5712286667 113.8618425
22.5712255 113.861842
22.5712261667 113.861841167
22.5712258333 113.861842667
22.571227 113.8618425
22.5712216667 113.8618415
22.571223 113.861843
22.5712291667 113.861846
22.5712288333 113.861846167
22.5712273333 113.861846167
22.5712265 113.861846333
22.5712306667 113.8618485
22.5712323333 113.861849333
22.5712316667 113.861850667
22.5712275 113.861850667
22.5712288333 113.8618515
22.571232 113.861852833
22.5712233333 113.86185
22.5712213333 113.8618495
22.5712233333 113.86185
22.5712248333 113.861851333
22.5712291667 113.8618535
22.5712321667 113.861855
22.571235 113.8618565
22.5712336667 113.861855333
22.5712325 113.861854
22.5712346667 113.861854333
22.5712343333 113.861855667
22.5712398333 113.861859
22.5712395 113.861859167
22.571241 113.861859333
22.5712355 113.861858833
22.5712366667 113.861859167
22.5712376667 113.861860833
22.5712406667 113.861863
22.5712411667 113.861863167
22.5712408333 113.861865333
22.5712411667 113.8618655
22.5712445 113.8618695
22.5712445 113.861869667
22.5712456667 113.861872167
22.5712445 113.861873167
22.571244 113.861873667
22.5712483333 113.861878
22.5712501667 113.861879667
22.571247 113.861877167
22.5712438333 113.861878167
22.5712461667 113.8618785
22.5712475 113.8618805
22.5712473333 113.861880167
22.5712443333 113.8618795
22.571241 113.8618785
22.5712446667 113.8618795
22.5712455 113.861881667
22.571249 113.8618835
22.5712508333 113.861884167
22.5712505 113.861884333
22.5712508333 113.861885833
22.571259 113.861890667
22.5712603333 113.861892
22.5712618333 113.861893
22.5712616667 113.861892667
22.5712655 113.861894833
22.5712685 113.861897
22.5712698333 113.861897833
22.5712708333 113.861898333
22.5712721667 113.861899833
22.5712765 113.8619015
22.5712816667 113.861904
22.5712801667 113.861903833
22.571283 113.861905333
22.5712843333 113.861905667
22.5712833333 113.861906667
22.5712863333 113.861908
22.571287 113.8619095
22.5712866667 113.861909333
22.5712861667 113.8619095
22.5712861667 113.861909
22.5712868333 113.861911
22.5712893333 113.861912333
22.5712928333 113.861913
22.5712948333 113.861913667
22.5712981667 113.861914833
22.5712956667 113.861914
22.5712966667 113.861913667
22.5712956667 113.861912667
22.5712983333 113.861914
22.5712906667 113.8619125
22.5713026667 113.861919
22.5713038333 113.861920333
22.5713065 113.861921167
22.5713093333 113.8619225
22.5713091667 113.861923167
22.5713103333 113.861924
22.5713126667 113.8619245
22.5713126667 113.861926333
22.5713116667 113.861926833
22.5713158333 113.861926667
22.571312 113.861928167
22.5713123333 113.861927667
22.571308 113.8619275
22.5713093333 113.861928333
22.571308 113.861929333
22.571245 113.861913
22.5712126667 113.861903833
22.571198 113.861901167
22.5711901667 113.861899833
22.5711808333 113.861897
22.5711741667 113.861896
22.5711711667 113.861895667
22.5711688333 113.861895
22.571166 113.861896
22.5711645 113.861896667
22.5711631667 113.861897667
22.5711623333 113.861896
22.5711613333 113.861897
22.5711605 113.861898
22.571159 113.861898333
22.5711576667 113.861900833
22.5711575 113.861901167
22.5711575 113.861902667
22.5711573333 113.861904667
22.571158 113.861904167
22.5711573333 113.8619065
22.5711588333 113.861906833
22.5711598333 113.861908333
22.5711606667 113.861910333
22.5711611667 113.861910167
22.5711615 113.8619125
22.571162 113.861913333
22.5711631667 113.861914333
22.5711631667 113.861915667
22.5711636667 113.861916
22.571165 113.8619165
22.5711663333 113.861916333
22.5711671667 113.861917333
22.5711678333 113.861917167
22.5711688333 113.8619175
22.57117 113.861917333
22.5711713333 113.861915667
22.5711721667 113.861914667
22.5711735 113.8619135
22.571175 113.861913333
22.5711763333 113.861913833
22.5711775 113.8619135
22.5711783333 113.861915
22.5711791667 113.861916333
22.5711796667 113.861918667
22.5711805 113.8619185
22.5711823333 113.861916333
22.571185 113.861915167
22.5711873333 113.861913333
22.5711896667 113.861911667
22.5711925 113.8619075
22.5711951667 113.8619035
22.5711981667 113.861899167
22.5712006667 113.861895833
22.5712028333 113.861894833
22.5712063333 113.861891
22.571208 113.8618885
22.5712098333 113.861886
22.5712121667 113.861882833
22.5712141667 113.861880667
22.5712131667 113.861885833
22.5712135 113.861887667
22.571215 113.861887333
22.5712166667 113.861886167
22.5712181667 113.861885167
22.5712195 113.8618845
22.5712211667 113.861883333
22.5712221667 113.861883333
22.571221 113.8618875
22.5712213333 113.861889667
22.5712223333 113.861890667
22.5712218333 113.861893167
22.5712233333 113.861893667
22.5712231667 113.861896333
22.5712238333 113.861897667
22.571224 113.861899333
22.5712243333 113.861901833
22.5712253333 113.8619035
22.5712263333 113.861904333
22.571227 113.861906833
22.571228 113.8619075
22.5712295 113.861907667
22.5712306667 113.861909
22.5712316667 113.861909667
22.5712325 113.861910333
22.5712331667 113.861911833
22.5712335 113.861913167
22.5712348333 113.861913
22.571236 113.861914833
22.5712365 113.8619155
22.5712376667 113.861916333
22.5712381667 113.8619185
22.571239 113.861918833
22.5712401667 113.861919
22.5712405 113.861921667
22.5712416667 113.861923833
22.5712423333 113.861926333
22.5712428333 113.861927167
22.5712436667 113.8619285
22.5712441667 113.861929333
22.5712453333 113.86193
22.5712458333 113.861931
22.5712465 113.8619315
22.5712473333 113.861933333
22.571248 113.861932833
22.5712485 113.861933167
22.5712496667 113.861933667
22.5712491667 113.861937167
22.5712511667 113.861935
22.5712516667 113.861936667
22.571253 113.861937167
22.5712543333 113.861936833
22.5712555 113.861937833
22.571256 113.861938667
22.5712573333 113.861940667
22.5712586667 113.861940333
22.5712595 113.861942333
22.5712605 113.861944167
22.5712623333 113.861944167
22.571264 113.861945833
22.5712655 113.861946667
22.5712673333 113.861946667
22.5712686667 113.861948333
22.5712703333 113.861948667
22.571272 113.861950833
22.571274 113.861951833
22.5712753333 113.861953167
22.5712771667 113.8619535
22.5712786667 113.861953667
22.5712805 113.8619525
22.5712811667 113.8619545
22.5712828333 113.861954833
22.5712841667 113.861955833
22.5712855 113.8619565
22.5712863333 113.861958167
22.5712876667 113.861959167
22.5712891667 113.8619595
22.5712901667 113.861962167
22.5712918333 113.861962
22.5712926667 113.861963833
22.5712935 113.861965
22.571295 113.861965333
22.5712963333 113.861965833
22.5712978333 113.861967667
22.571299 113.861968667
22.5713008333 113.861969
22.5713023333 113.8619705
22.5713043333 113.86197
22.5713068333 113.8619695
22.5713091667 113.861971
22.5713106667 113.861971667
22.5713116667 113.8619745
22.571313 113.861975333
22.5713143333 113.8619765
22.5713155 113.861977833
22.5713168333 113.861978
22.5713183333 113.861978333
22.5713193333 113.86198
22.571321 113.861979
22.5713221667 113.861980167
22.5713231667 113.861980333
22.571324 113.861980833
22.5713261667 113.8619815
22.571327 113.861983667
22.5713288333 113.861984
22.5713315 113.861983333
22.5713318333 113.861985167
22.571334 113.8619835
22.5713356667 113.861983667
22.5713366667 113.861984833
22.5713376667 113.861986167
22.5713376667 113.861989333
22.571338 113.861992833
22.571338 113.861995167
22.5713396667 113.861995667
22.5713411667 113.861996
22.5713425 113.861998333
22.571345 113.861997667
22.5713468333 113.861998833
22.571348 113.862001167
22.571349 113.862002833
22.5713491667 113.862006333
22.5713498333 113.862007667
22.5713505 113.8620095
22.5713526667 113.862007667
22.5713538333 113.862007833
22.5713551667 113.862008667
22.5713553333 113.8620105
22.5713553333 113.862013
22.5713545 113.8620155
22.5713563333 113.862016
22.5713576667 113.862014667
22.5713588333 113.862015667
22.571359 113.862018
22.5713583333 113.862022167
22.5713586667 113.862025
22.5713595 113.862026333
22.571363 113.862026167
22.5713643333 113.862026333
22.571367 113.862024167
22.5713683333 113.862026333
22.5713678333 113.862031833
22.5713691667 113.862032167
22.571369 113.862037
22.5713701667 113.862038
22.5713711667 113.862039833
22.5713721667 113.862040833
22.5713725 113.862044167
22.5713771667 113.862036833
22.5713783333 113.862037333
22.5713815 113.8620335
22.571382 113.862036333
22.5713841667 113.8620345
22.5713836667 113.862038
22.5713846667 113.862039
22.571385 113.862041667
22.5713841667 113.862047167
22.5713851667 113.862047333
22.5713848333 113.862048333
22.5713845 113.862051333
22.571386 113.8620525
22.5713875 113.862051833
22.5713871667 113.862056833
22.5713866667 113.862060167
22.5713875 113.862062833
22.5713883333 113.862063667
22.5713881667 113.862068167
22.5713896667 113.862068
22.5713891667 113.862071
22.5713891667 113.862073
22.57139 113.862075333
22.5713921667 113.862072833
22.5713918333 113.862076333
22.5713923333 113.862077
22.5713913333 113.862080667
22.5713881667 113.862088833
22.571385 113.8620935
22.5713813333 113.862102833
22.5713783333 113.862110667
22.5713758333 113.862117167
22.5713746667 113.862118667
22.571372 113.862122333
22.571371 113.862124833
22.5713708333 113.862125
22.5713693333 113.862126167
22.5713686667 113.862126333
22.5713688333 113.862126667
22.5713678333 113.862127833
22.5713675 113.862127167
22.5713675 113.862128
22.5713665 113.862129167
22.571366 113.8621275
22.5713648333 113.862128667
22.5713643333 113.862128667
22.5713636667 113.862128333
22.5713631667 113.862126833
22.5713613333 113.862131333
22.571361 113.8621305
22.57136 113.8621325
22.5713593333 113.862132333
22.5713583333 113.8621335
22.5713575 113.862135167
22.5713573333 113.862133
22.5713561667 113.862134333
22.5713558333 113.862134167
22.5713553333 113.862134167
22.5713551667 113.862133333
22.5713545 113.862134
22.571354 113.862133667
22.571354 113.862132167
22.5713536667 113.862130833
22.5713525 113.8621325
22.5713513333 113.8621345
22.571351 113.862133167
22.5713495 113.862135167
22.571349 113.862133833
22.5713486667 113.862134
22.5713478333 113.862136167
22.5713475 113.862134333
22.5713465 113.862136667
22.5713458333 113.862134833
22.5713455 113.862137333
22.571345 113.8621355
22.5713446667 113.862136333
22.5713441667 113.862136833
22.5713425 113.862140167
22.5713413333 113.86214
22.5713411667 113.862138
22.5713408333 113.8621385
22.5713405 113.86214
22.5713401667 113.8621405
22.5713405 113.8621395
22.57134 113.8621405
22.5713403333 113.8621375
22.5713398333 113.862138
22.5713396667 113.862138
22.5713398333 113.862138167
22.571339 113.8621375
22.5713386667 113.862138833
22.5713383333 113.862138833
22.5713373333 113.862140667
22.5713356667 113.862142833
22.5713346667 113.862144
22.5713343333 113.862143833
22.571334 113.8621455
22.5713336667 113.862144
22.5713333333 113.8621445
22.5713325 113.862145167
22.5713315 113.862144667
22.5713313333 113.862144167
22.5713305 113.862145333
22.5713311667 113.862144167
22.5713301667 113.862145833
22.5713298333 113.862146167
22.57133 113.862146667
22.571329 113.862147333
22.5713285 113.862148667
22.5713276667 113.862148667
22.5713278333 113.86215
22.571327 113.862151333
22.571326 113.862153333
22.571326 113.862155833
22.571325 113.862156667
22.5713243333 113.862159833
22.5713236667 113.862161333
22.5713233333 113.862162333
22.5713226667 113.862163833
22.5713221667 113.8621655
22.571321 113.862168
22.5713201667 113.8621695
22.5713196667 113.862170167
22.5713188333 113.862170667
22.5713185 113.862170667
22.5713176667 113.862170333
22.571317 113.8621715
22.5713165 113.8621715
22.5713151667 113.8621745
22.5713145 113.862174333
22.5713138333 113.862175833
22.5713138333 113.862174333
22.5713135 113.862173
22.571313 113.8621725
22.5713131667 113.862171
22.5713133333 113.862167
22.5713138333 113.8621645
22.5713141667 113.862162833
22.5713146667 113.862161
22.5713153333 113.862158667
22.571316 113.862156167
22.571317 113.862152667
22.5713181667 113.862148667
22.5713195 113.862145
22.5713206667 113.862141333
22.5713216667 113.862137667
22.571322 113.862136
