22.5710068333 113.861507167
22.5710076667 113.861509167
22.5710081667 113.8615085
22.5710086667 113.861509333
22.5710086667 113.861511333
22.5710091667 113.861511333
22.5710191667 113.861521333
22.5710196667 113.861520167
22.5710201667 113.8615175
22.5710193333 113.861525333
22.5710205 113.861520667
22.5710211667 113.861519167
22.5710215 113.861521167
22.5710235 113.861517833
22.5710245 113.861517333
22.5710255 113.861517333
22.5710268333 113.861516667
22.5710275 113.861517833
22.5710285 113.861515333
22.57103 113.861504833
22.5710308333 113.861487167
22.5710273333 113.861511333
22.5710283333 113.861510667
22.57103 113.861513167
22.57103 113.861520667
22.5710331667 113.861514833
22.571034 113.861518833
22.5710365 113.861520333
22.571038 113.861522167
22.5710391667 113.861524167
22.571042 113.861521167
22.5710428333 113.861524833
22.5710445 113.8615215
22.5710453333 113.861531833
22.5710481667 113.8615275
22.571051 113.861519833
22.5710555 113.861503
22.5710645 113.861467
22.5710633333 113.861479667
22.5710645 113.861482833
22.5710641667 113.861489
22.5710643333 113.861494333
22.5710643333 113.861505667
22.5710641667 113.861509333
22.5710633333 113.861517333
22.571064 113.8615195
22.5710645 113.861521333
22.5710656667 113.861524
22.571066 113.861526167
22.5710663333 113.861530167
22.5710665 113.861532333
22.5710663333 113.8615385
22.5710665 113.861541333
22.5710665 113.861544333
22.5710666667 113.861546833
22.5710665 113.8615495
22.571067 113.861550333
22.5710681667 113.861550667
22.5710678333 113.861551
22.5710678333 113.861550333
22.5710685 113.861550333
22.5710698333 113.861550333
22.5710708333 113.861549833
22.5710718333 113.861553667
22.5710736667 113.8615565
22.5710741667 113.861560167
22.5710755 113.861567333
22.571077 113.861571
22.571079 113.861575833
22.5710793333 113.8615775
22.5710803333 113.861581167
22.571081 113.861583833
22.571082 113.861586833
22.5710835 113.861589667
22.5710848333 113.8615925
22.5710858333 113.8615925
22.5710866667 113.861594333
22.5710881667 113.861597
22.5710891667 113.861601667
22.5710898333 113.861602
22.5710908333 113.861606167
22.5710918333 113.861615333
22.5710926667 113.861617167
22.571094 113.861618
22.571095 113.861620167
22.5710953333 113.861622167
22.5710965 113.861622667
22.5710978333 113.861623167
22.5710986667 113.861625833
22.5710996667 113.861627667
22.5711006667 113.8616285
22.5711026667 113.861633833
22.5711033333 113.8616355
22.5711045 113.861637167
22.5711053333 113.861638667
22.571106 113.86164
22.5711068333 113.861647
22.5711078333 113.861648667
22.5711086667 113.8616495
22.5711093333 113.861651333
22.5711096667 113.861654
22.5711103333 113.861655333
22.5711115 113.861657
22.5711121667 113.861659167
22.5711136667 113.861663167
22.5711143333 113.8616655
22.5711158333 113.8616675
22.571117 113.8616715
22.5711183333 113.8616725
22.5711193333 113.861672833
22.5711203333 113.861674667
22.571121 113.861684333
22.571122 113.861687167
22.5711235 113.861689667
22.571125 113.861691833
22.5711266667 113.861693
22.5711278333 113.861695
22.5711295 113.861697167
22.5711303333 113.8616965
22.5711323333 113.861701167
22.5711338333 113.861701667
22.5711353333 113.861704
22.5711375 113.861707167
22.5711395 113.861711667
22.5711408333 113.861713833
22.571142 113.861715667
22.5711445 113.861720833
22.5711455 113.861721667
22.5711468333 113.861723
22.571148 113.861724167
22.5711495 113.861725833
22.5711508333 113.8617275
22.5711516667 113.861728167
22.571153 113.8617305
22.5711543333 113.861730167
22.571155 113.861731167
22.5711555 113.861730833
22.5711578333 113.861729167
22.5711583333 113.861730333
22.5711591667 113.861731167
22.5711606667 113.861735
22.5711621667 113.861741667
22.5711636667 113.8617455
22.5711648333 113.861747833
22.5711663333 113.8617495
22.5711673333 113.861753
22.5711688333 113.861757167
22.5711701667 113.861759667
22.5711713333 113.861763
22.5711726667 113.861768
22.5711738333 113.861772167
22.5711745 113.861771833
22.5711755 113.8617735
22.5711765 113.861774333
22.571178 113.861773667
22.5711783333 113.861774
22.5711798333 113.861778
22.571181 113.861779167
22.571182 113.861780333
22.571184 113.861782333
22.5711848333 113.861785333
22.5711865 113.861790333
22.571188 113.861794167
22.5711895 113.8617985
22.571191 113.861801167
22.5711928333 113.861803167
22.5711943333 113.861805167
22.571195 113.861806833
22.5711965 113.861809
22.571198 113.861811167
22.5711988333 113.8618135
22.5712001667 113.861815667
22.5712013333 113.8618185
22.5712036667 113.861822833
22.571205 113.861825
22.571205 113.861826167
22.5712058333 113.861828
22.5712075 113.861830667
22.5712088333 113.8618325
22.57121 113.861836667
22.5712113333 113.861840667
22.5712136667 113.861840167
22.571214 113.8618415
22.5712153333 113.861842167
22.5712163333 113.8618415
22.5712181667 113.8618435
22.5712188333 113.861846167
22.5712205 113.8618475
22.5712216667 113.861848667
22.5712226667 113.861850333
22.5712238333 113.861851333
22.5712246667 113.861851167
22.5712261667 113.861850167
22.5712273333 113.861848667
22.5712285 113.861846167
22.57123 113.861848333
22.5712311667 113.8618495
22.5712321667 113.861851667
22.5712335 113.861851167
22.5712343333 113.8618535
22.5712356667 113.861854833
22.571237 113.861858333
22.5712376667 113.861860833
22.5712393333 113.861862833
22.5712408333 113.861864667
22.5712418333 113.861866167
22.5712428333 113.861868167
22.5712443333 113.861869833
22.5712453333 113.861871667
22.5712465 113.861873833
22.571248 113.861873833
22.5712486667 113.861876667
22.5712498333 113.8618805
22.5712513333 113.861884
22.5712521667 113.861884833
22.5712535 113.861886667
22.5712548333 113.861888167
22.5712566667 113.861888667
22.5712575 113.861893167
22.5712598333 113.8618955
22.5712618333 113.861898167
22.5712618333 113.861899167
22.5712631667 113.861896833
22.5712648333 113.861897333
22.5712663333 113.861898667
22.571268 113.861900667
22.5712691667 113.861903833
22.571271 113.861905
22.5712725 113.861904333
22.5712745 113.861907333
22.5712745 113.861907333
22.5712776667 113.861913667
22.5712801667 113.8619185
22.5712821667 113.861923833
22.5712838333 113.861926167
22.5712851667 113.8619285
22.571286 113.861930167
22.5712875 113.861930167
22.5712886667 113.861931
22.5712901667 113.861932167
22.5712918333 113.861934167
22.5712931667 113.861935167
22.5712948333 113.861937333
22.5712965 113.8619365
22.571297 113.861937167
22.5712985 113.861938833
22.5712993333 113.861940833
22.5713006667 113.8619405
22.5713016667 113.861942167
22.5713031667 113.861943
22.5713043333 113.861941333
22.5713063333 113.8619475
22.5713073333 113.861948167
22.5713088333 113.861948833
22.5713111667 113.861949833
22.571312 113.861949833
22.5713133333 113.861949833
22.5713145 113.861949167
22.5713163333 113.861951333
22.571318 113.861952667
22.5713191667 113.861953667
22.5713208333 113.861953333
22.5713225 113.861952333
22.5713241667 113.861952167
22.5713256667 113.861950833
22.571327 113.861950167
22.5713285 113.861948667
22.5713296667 113.861948333
22.5713311667 113.8619505
22.5713321667 113.861947667
22.571333 113.861946167
22.5713333333 113.861943
22.5713348333 113.861943667
22.5713365 113.8619445
22.5713371667 113.861945333
22.5713388333 113.861946
22.5713408333 113.861947667
22.5713423333 113.861948167
22.571344 113.861949
22.5713456667 113.861949333
22.571346 113.861947333
22.571348 113.861948667
22.5713493333 113.861950333
22.571351 113.861951333
22.5713523333 113.861953
22.5713536667 113.8619545
22.5713553333 113.861956
22.5713573333 113.861959
22.571359 113.861959167
22.5713605 113.861961333
22.5713621667 113.861961
22.5713635 113.861961667
22.5713655 113.861961833
22.571366 113.8619605
22.5713683333 113.8619645
22.57137 113.861967333
22.5713713333 113.861969333
22.571373 113.8619715
22.5713745 113.861974
22.571377 113.861979333
22.5713786667 113.8619795
22.57138 113.861981667
22.5713815 113.861983833
22.5713831667 113.861986667
22.5713848333 113.861989667
22.5713863333 113.861994333
22.5713883333 113.861999333
22.5713896667 113.862004167
22.5713916667 113.862007333
22.5713928333 113.862011167
22.5713948333 113.8620155
22.5713966667 113.8620195
22.5713986667 113.862029167
22.5714003333 113.862037
22.5714021667 113.862043167
22.5714038333 113.8620485
22.5714055 113.862055167
22.5714075 113.862061667
22.5714086667 113.862063833
22.5714106667 113.862073667
22.5714125 113.862084333
22.5714143333 113.862094833
22.5714166667 113.862105667
22.5714176667 113.862105833
22.5714191667 113.8621065
22.5714205 113.8621095
22.5714226667 113.862111667
22.5714241667 113.8621145
22.5714256667 113.862117167
22.5714275 113.862118
22.5714283333 113.862121
22.57143 113.862122167
22.5714316667 113.862124
22.5714338333 113.8621245
22.5714358333 113.862126667
22.5714363333 113.8621275
22.5714376667 113.862130667
22.5714395 113.8621305
22.571441 113.862132667
22.5714425 113.862135333
22.5714438333 113.862137
22.5714448333 113.862139
22.5714453333 113.862137333
22.5714468333 113.8621395
22.5714471667 113.8621385
22.5714476667 113.862137667
22.5714483333 113.862143333
22.5714495 113.862140333
22.5714503333 113.8621415
22.571451 113.8621425
22.5714518333 113.862143167
22.5714511667 113.862146333
22.5714503333 113.8621465
22.57145 113.8621465
22.57145 113.862147
22.5714498333 113.862147833
22.5714485 113.862146667
22.571448 113.862148167
22.5714473333 113.862150333
22.5714468333 113.862153
22.5714465 113.862153167
22.571446 113.862156
22.571445 113.862158333
22.5714448333 113.862159
22.571444 113.862162
22.571443 113.8621645
22.5714421667 113.862165833
22.5714408333 113.862166667
22.5714383333 113.862167
22.5714368333 113.862166833
22.5714355 113.862163333
22.5714343333 113.862168667
22.571434 113.8621685
22.5714328333 113.862168333
22.571432 113.862170167
22.5714303333 113.862171667
22.5714291667 113.862172167
22.5714278333 113.862170333
22.5714266667 113.862172667
22.5714246667 113.862171833
22.5714236667 113.8621705
22.571422 113.862168667
22.5714201667 113.862168333
22.5714191667 113.862169333
22.5714183333 113.862172333
22.5714168333 113.8621735
22.5714143333 113.862171833
22.5714133333 113.862179167
22.5714108333 113.862176333
22.5714086667 113.862175167
22.5714078333 113.862177333
22.571407 113.862177333
22.5714061667 113.862177
22.5714043333 113.862175
22.5714031667 113.862174167
22.5714015 113.8621725
22.5714003333 113.862170833
22.5713983333 113.862167333
22.5713968333 113.862165833
22.5713958333 113.862166
22.5713958333 113.862167667
22.5713948333 113.862167833
22.571392 113.862166833
22.5713948333 113.862171333
22.5713961667 113.8621745
22.5713955 113.862174167
22.5713953333 113.8621745
22.5713951667 113.862173833
22.5713953333 113.862173
22.571392 113.862139833
